120.7450843
62.90313546
107.5353618
10.55499502
70.58198385
89.23464724
-20.4604172
67.43407579
-7.482772015
62.27115497
129.8983617
43.67252817
67.54973781
61.03270207
33.75880608
89.32071319
69.95492707
91.89964169
83.9647849
30.14257963
-10.87371164
25.97004635
44.29056636
10.9790589
-7.929689085
133.4133143
-13.95860397
66.30438637
115.3831947
29.51470282
105.3778865
63.18283717
-17.50676636
86.23677915
63.62856111
42.8268493
76.77250981
61.7586889
4.399386136
84.73392417